x1 <- c(1,2,3,4)
x2 <- c(5,6)
x3 <- x1+x2
x3
